Followers,user_ID
"[1551663164315631616, 1333586596118089728, 1386057541088694273, 3277891994, 419181069, 2485049402, 29196518, 1169789099882012677, 1069207598, 519996616, 1428455136662282242, 1196622523091345413, 721735819560644609, 1543070028421107713, 828053026334240768, 36599249, 292687153, 336106103, 70583497, 2347947270, 2248455882, 588507819, 1224901435403444229, 38614324, 1064609951589548037, 166502325, 106207497, 1185222727331975168, 1540109559506866176, 1097263307956867073, 1364340705573756936, 1382364106498400258, 1408511315417604097, 1491429507043057669, 1150612989399093248, 241382835, 991352030177497088, 287735479, 3193681318, 1100073846949007360, 1363698789408792577, 1026536822, 18144089, 1298660282328395778, 739417207, 2296599660, 1183717112663216129, 1502725118375698434, 1270780312042328065, 2230462987, 1463892300, 1521294153316978688, 1125098688957898753, 780833068999319552, 1517422612963495936, 1064805389470965760, 353534998, 584592173, 881305526, 991267091025051648, 798831897988112385, 2379200053, 46671731, 1333585774550405120, 2878369050, 1501842249864339456, 3065838749, 2157493764, 275790333, 1015685968324648960, 339994434, 1473502366670413824, 1257166308853989376, 28301551, 79863704, 299932350, 516771605, 433804134, 819685194, 135039839, 195863018, 43298203, 89014429, 29206353, 409838853, 141808782, 1535316125629677570, 26527812, 1367614924931944449, 1087380412089987077, 2973421418, 847723799625687040, 27023228, 1005789476, 223764929, 73878458, 1160951666025385984, 868346651336900608, 1000445394336141312, 1191045565360066560, 85898638, 998800463553220609, 1255355999638237186, 1524960054839058443, 1528519515797086210, 989990451737518081, 1344881572139429889, 24835227, 1521153344290627585, 1521952108202782720, 3060523643, 1499066961661239301, 1394403897926733825, 1516278441745735683, 1466113659747381257, 67095962, 39357604, 1457333589335445509, 33098324, 1501235229712859141, 1489794929492639746, 823384739038031876, 1107441198, 1412060465614688256, 73844084, 1512514964321280000, 2296010688, 1389652567941165058, 1298873885958516736, 29403387, 852936170874880000, 64963948, 752510522528927744, 974779325299023873, 61047667, 4390735993, 1479242297934024708, 3395899413, 2413296488, 1370857845533540352, 1127239102741581826, 807003567605227520, 90357435, 1418209344882024450, 1168026303980814336, 1092413853747609601, 836017706881122304, 721420800771944448, 1188857457856131072, 2826454835, 784472425807437827, 1015411716983808002, 1204125009960001537, 529508258, 2254071864, 63587252, 1518691716366278658, 3244861583, 754770811655888897, 2530951758, 1039885348560678912, 23167931, 1402737359737659394, 720035276563877888, 836141705761976321, 1137664884454371329, 234013406, 1217197784480137216, 426303664, 1119682192408547329, 2555176531, 574032254, 1201789066146136065, 796824029160214532, 1493787584970907650, 28897926, 1187698696969838594, 865348493988294656, 774708231457341440, 1421721849428316161, 885495018533924865, 2621372630, 248221329, 1275332157745950720, 1265635442843623426, 1450916063441477640, 1387035968939642884, 1483715820827996160, 2979973317, 2438651886, 940625155931410432, 14713182, 145668791, 1226934879922933762, 1245154912968867840, 102303158, 1029919566867189760, 297887158, 2577355478, 4741134260, 945340724962263041, 1246698303351209985, 1377830581384318976, 1514702032845869056, 1365366605652320258, 24791596, 1517126738, 1522674789269131264, 995848503959195649, 183465857, 1062058196729319424, 385161661, 980144264612139009, 855666463, 1509867108242542607, 43455797, 1192517449159077890, 1023114178247061504, 69542229, 138908307, 1014286963984162817, 200238281, 1385253248425242631, 348453034, 1172569165137420293, 116135386, 1142530959927140352, 3063651107, 1130141855696527361, 448397878, 52178154, 160780569, 16638685, 2272114554, 216168890, 10688732, 1217574374624108544, 1195921161181421568, 3128414784, 1136551975, 1511272402109734915, 1023502920, 1511168347890610176, 161979501, 1343409234088579073, 1503977907831840773, 358004297, 1037264356688326657, 601411518, 1438190818502664192, 451225462, 4370313072, 1055193871972528130, 4860859945, 1025399670078615552, 2882479490, 359834926, 2479008908, 30404850, 2951181939, 341079860, 1175601423305859073, 85185421, 708362898175889412, 2598830828, 267325468, 23886107, 1004005198958874628, 242132723, 1239322803507249152, 700558609411780608, 1457687353225621506, 46679935, 1386789047247441921, 47447385, 320857292, 945050732, 896759268, 545702313, 2750261187, 36626306, 1334461861425713153, 985632842892959751, 1142179508365209600, 1287101688462049282, 969152379559006209, 1149380797121515521, 51742969, 4843103113, 2238201763, 1281576151576645632, 1075578421139439616, 755581610611740672, 1254970764224151552, 201045260, 1349932850632667137, 1488685115953745920, 195624729, 1495261736261365763, 1516219040229990401, 2500378016, 1105897547892174849, 97547300, 618420295, 1362584219910692865, 1380490289660444672, 1492930699527176192, 1108184312019668992, 1486630809599676421, 1248585675823341568, 1473420319964684289, 48052175, 134014975, 1170934401745768448, 170244212, 624343716, 90452260, 2322918222, 7175202, 1290510121, 2401744814, 1212833829947207680, 1381263983928168451, 1916111196, 1259961846569656320, 955456486985134081, 1247062204513431552, 720381940159754241, 1261906266974310400, 1264187893276463109, 2927194433, 551936623, 1362366034599116801, 1057036424954945537, 850759694364758017, 3227901403, 1314249250537168896, 252351150, 824704857219235844, 136332588, 112846894, 1456994028894007304, 1388001272398241796, 61642247, 327212093, 1069642567480946688, 1506186035449012230, 784408134681038848, 1274545002736164864, 472325162, 1031596743371223042, 1450625854007021575, 1185588598118084608, 1364288269052227591, 968944794448879617, 808139595523256321, 1340127721087766530, 1128850076363841536, 68349474, 1380405423619108864, 520833237, 1439916405198102532, 100334065, 368179012, 89076388, 1222958557, 245421209, 77615096, 1279126254831022081, 1311082411560775680, 19305905, 3167257102, 13298072, 30699048, 34743251, 1399617772234084354, 1350191444196282370, 1261470638792990721, 1318779901, 1278500059131318278, 2555967193, 18827576, 1135095824, 1484374357488984066, 1052785633, 158941108, 1137450517204914176, 880249837203185668, 1473313542782738436, 1347938645597171715, 1210405201238200322, 1362723908428906499, 56855530, 19607400, 265194243, 1247542263699214336, 19726043, 492742094, 80137104, 293103463, 16252118, 132526702, 354064871, 1115298012, 455277556, 36139166, 150045222, 90959399, 1235790034835390465, 1041313173867945984, 1222672061967077376, 768567062088130560, 1634000490, 1077177945058349056, 21584847, 588949165, 1136374102812479490, 1506927858207408130, 1375721110138937345, 1498783327905632266, 1296702503673790464, 69087436, 1159750353564262401, 1447642032957239303, 255523529, 3245426166, 28371784, 1420410948251172879, 1373338927361318912, 1279958071142428673, 373501610, 1354133051224199168, 726629265098285056, 1321061066760216577, 1497990920045748225, 1499082419965677568, 1480344949380026369, 43755777, 1200949002361028613, 1406362247920685056, 1372556127507001346, 2450299320, 3350432037, 1278963538195820544, 715033693815971840, 826951154689048576, 147414700, 56780318, 1445142596540682240, 1261632849725227010, 1462861184969940992, 1227032211544780800, 1134452944672346118, 1295399781465051137, 1182799006545645568, 33857883, 73735112, 1488117976914173958, 1494817598868967424, 1391448519148441606, 1471795369, 2185319472, 1336854152870236164, 590414915, 42242140, 1415727728033107969, 233743572, 1174169973062873090, 1346473335429890063, 2180426144, 2954862821, 166421850, 2458905972, 26858937, 935773816780881920, 328677319, 1081862441619709952, 115093611, 1222213047848263682, 3376471342, 442456291, 95167372, 396301765, 18222378, 1492149836182925324, 1414063377236779016, 1172200736203128832, 1429793693016395781, 1394322327945420802, 82302496, 1307600411252191238, 864633119063891968, 1051392385983295488, 73495696, 3305105327, 922503143736274944, 3654348983, 970301672835764227, 717844468859318273, 4228778475, 1141884419466289152, 1419801383742672896, 1469646695789207553, 1170768969675898880, 1082500713433812992, 1124878287883448320, 856522120884518913, 54930002, 1098740131283066880, 1367322109, 104243938, 143516375, 764964296, 2731357234, 439543320, 866019602068910080, 1445583504247439361, 1248365014538477573, 406935165, 41370921, 1142246542541242368, 870695110983303168, 3091447064, 4337571494, 2479898167, 140894905, 2504860163, 968244635364675590, 1402427524680978437, 843633216527523840, 128057131, 1294798002599669760, 22657202, 1477447624416546823, 1342312158915391491, 78046446, 2944092822, 2193185706, 155499725, 834496735963709455, 1242580834239963136, 816767547588669440, 1109723805755338753, 227755413, 734900331834925056, 1703830147, 894047696759205888, 1050603153685532673, 1449990938, 1090385370359963648, 1276315758146936833, 1583549485, 154654514, 1197648557139988480, 477358767, 1290155804, 796082509, 909752508, 1149855738602430466, 2467744126, 739996738061139968, 3005509333, 1106279710076616705, 1060367612289286144, 712366578499608576, 1062718518112800768, 398982700, 1349888107206868998, 14229141, 755099940385239040, 1042663490, 1466056224932257798, 2720107286, 1306297500077301761, 1225172343980535808, 908793148394020864, 1180602860179984384, 1423476137578147842, 326872833, 1413178809252302863, 1372120736, 50651444, 17849065, 27762299, 1131387175629742086, 1900311944, 594977496, 1476003415272697860, 1378342203655921667, 1096585301642874880, 1029046156037419011, 1466189490096062467, 1479496975099772931, 2713280006, 1270473460960165888, 809462411325476868, 1326216847184842754, 74566307, 823392370041331712, 1030790170503733249, 2424259633, 600517884, 3244542348, 2392303350, 232363845, 1321671050887798785, 2316052598, 563190245, 1125075588186804227, 1433646041249705987, 1390056793078784001, 93934085, 96782298, 468616914, 863087589531697152, 145124607, 755061850262253568, 1111033322036256769, 1289079783729573888, 629828497, 1380067835100168194, 1146176417719291906, 460277599, 159854309, 1231008448160002048, 352806895, 1630668608, 1613235540, 50534234, 1252002979596718084, 110365072, 14373805, 1440638283235557382, 24714166, 3111553475, 1372407336803831812, 2746516941, 226360346, 784143570982739968, 926324367054786562, 1060388119973953536, 51277408, 1027130972981080064, 1214023388605206529, 30363154, 1476048975232856066, 1421589228819996674, 1206605893464469505, 271786128, 2498211106, 1470493493202231299, 3203057037, 286269708, 1360280830858379265, 1334933155732721664, 858815486582284289, 1371127016909594624, 202479364, 160267616, 1855583300, 868924702257016832, 779416624688398336, 1152238113592414208, 1368282328045416449, 1356900495890276353, 3507577573, 985747741, 342449672, 996571640946462720, 791409134876946432, 1298584941354196997, 1190996409933275137, 3140083173, 1399450081787580429, 1353448792037666816, 1637253086, 1610522216, 976497133414113288, 68792362, 1051013577862205440, 1279325535919726594, 1250973957055905792, 122861977, 39776268, 37655212, 224836446, 27676444, 791773972123754496, 860764819, 1469668829194293253, 1272736165679058944, 2811330143, 378711045, 245118759, 77383832, 974304158307123200, 167082843, 3064642442, 738461704623955968, 911330404380143617, 1314696210809323522, 2731530428, 400408016, 179126369, 1411911781958574083, 1316141019772133376, 767637823205748736, 1370454470891560962, 705397914, 1214594513185988608, 1333788301635960843, 35011266, 1250495682600792064, 866816869864423425, 1441799679432224773, 1371582558627098629, 1153145985079623686, 56526317, 1156446929838125056, 2189929739, 1398727754334539776, 1069737607662366720, 33521716, 1397581757051019266, 1205693035251666944, 1239235603906080768, 3359059425, 287863805, 1460931783571255303, 53724153, 4238207059, 1397558910718930948, 1215710024556797952, 1325606720, 1263818723166572544, 1292518958046892033, 216953320, 1257566936348733441, 794910188411174913, 986952794937675778, 1034615780631932928, 1339678385052725248, 2164182215, 68232629, 791978718, 40707335, 818238024, 1428189357689671684, 866259212858310656, 16831960, 1092822165936848898, 1386030199385600000, 1720869229, 4867255989, 1201310564091228165, 4809021552, 2271284180, 4105888985, 1385384638886027265, 536026362, 1880865463, 69351991, 18198400, 2214933084, 1317043505378824192, 19794115, 1420146536328146944, 350497950, 2542185030, 706912196664512512, 276056316, 344051673, 1443948936100724749, 1324555552450519040, 1063214271843061760, 4228707711, 1031969008881422336, 1351383669215260673, 1338266693349515265, 3658906588, 452809113, 143116973, 575940227, 42240844, 1337174162293583873, 207041027, 1446682839689355264, 1849525344, 752610453151371264, 312132321, 2620188523, 1019847971779858432, 1191448037815664643, 975478290403147776, 1213849326960574466, 536104998, 423184716, 2631622618, 1069770188319531008, 1209316716, 60974991, 2564768067, 64840030, 774223613956358145, 1367375093404495874, 53575020, 1213751995, 359637939, 1250773246863081474, 1297312391651299329, 1420721510893953028, 193004109, 1241835446608543745, 1216742816, 562362256, 1581444138, 748284273350762496, 2923489994, 19519349, 163358606, 420451502, 1242565173371719681, 1112346940585308165, 1425418166818152453, 3807364756, 894370034327236608, 502885584, 1421145498191384577, 860526636856467457, 2635552693, 1369348548446289923, 1432987403300524038, 821534097558290432, 1375551878, 1910785123, 922398883791093762, 1395098986172796930, 579198145, 1012881789810036736, 1422266854698098688, 284272880, 3220642800, 1248735953381883910, 260863619, 3995340779, 7744592, 1372380519145603081, 792819105967603712, 99109442, 617092757, 840551779, 1385968432252850178, 27306790, 22275980, 1386745317702385672, 29533312, 2188714462, 1148973293623549952, 2768837299, 1238021040250421249, 1095471767160803328, 165725284, 2916305152, 1109316402161184769, 87393526, 1263694692018991104, 1327755987059662850, 1110880811417563137, 1243834434664697856, 3562969575, 3558557961, 1336431083282456587, 1284871774631538694, 848659645287628800, 1141624459, 1093875856877989888, 132960321, 1440616597056462849, 1273198250191802368, 1330926294134120452, 317370751, 1116084037313916929, 1235336932944687107, 1315896328321466368, 1257821633294860289, 834434644502257664, 338786376, 878675348145287168, 722599149426704384, 41685235, 827024568753614848, 3308352436, 590255933, 1082342350750470148, 1349310368112377863, 1672243112, 21388284, 366285759, 299798272, 1510492141, 1095095294033829888, 236526988, 887536251385122817, 1097669338868391938, 1165706915529277443, 1113252570, 1152600750310264833, 1266303217018658819, 16089776, 246225682, 1229944647742623745, 82640260, 1435705315836706820, 338068227, 2918581277, 1044648823, 1124384039153078273, 1323604556, 997098718947086337, 1375461454887931906, 1634820926, 1331086154393935873, 2163097033, 173207960, 41284429, 186718723, 245174002, 809158318497398787, 2245639517, 27513328, 1355585256, 1115420364220145664, 3227582046, 1415926097724809218, 56497372, 1055526749117865984, 1225598360914145282, 2298681199, 170692687, 1061675149, 14137885, 1385663808, 1160291730564030464, 975895346516840448, 1230612218884116480, 915613265748795394, 1305327187336232960, 1040335887131992064, 1925560950, 2889305749, 1113640590711971840, 1265621267392102405, 1063793554152177664, 850246147864010752, 1074493028121817089, 1368249795635216398, 3067574300, 1160367330297339905, 64839035, 1420034701553717249, 1336735414338662406, 830435768514596866, 1040214455525797888, 28171178, 252663106, 1113660366817505280, 2572138222, 2262654994, 1415756717271527431, 993612380943761408, 2369205626, 1324090610161242117, 1419358067532124165, 474608664, 1402714598076203018, 980250706019061760, 1057742322111315974, 969988408557776896, 303009020, 1228824019987726338, 828043472, 253518982, 1203107917530054656, 1282055606, 854281087484399616, 1399890865099735040, 614018553, 1363450450415132673, 251726319, 1156676583521783808, 1031596158068686857, 782111826372915200, 224763844, 525197708, 1380561043806650373, 1291789990121308162, 1318677854041853960, 114853055, 758209572599390208, 1062926939151888385, 8510242, 1049981, 1317866587744030722, 14780606, 3895520592, 1050020056866975745, 1345162086817517569, 2321676708, 1372360114297012226, 942528269445984256, 1414237953694572550, 1284559507293691904, 732850225, 825220645923540993, 1141938302171435008, 1281027632939835392, 1382040540686917638, 3929142139, 386772363, 303529019, 164463628, 940287182618660864, 1019114442150305792, 1268751427754774533, 137482245, 164113816, 1350281843715829761, 186311429, 722343237969510400, 2788346189, 837723820429557761, 1349053615151828992, 918182335304077318, 3408038398, 568545739, 4921627259, 59578815, 1126554464939327488, 2883118249, 963565461454639104, 94844786, 743078250004512768, 2833479421, 901885303673298945, 452045957, 18479513, 1410067362091618304, 1387968844333993998, 3239363930, 20346956, 2334521056, 2287541508, 1007506423, 1343387082, 1164232676079017986, 3102165045, 1418193880961454080, 704804539, 1414631380689035265, 1379462552095240199, 1155494124096823297, 2413622114, 1213713350107910144, 1270346893739134977, 3433266861, 2505074103, 85603854, 2283457855, 1343761236702486529, 813726222677135360, 906162615004536836, 248807431, 450912947, 1176641631807819778, 1166803507929858049, 798818534, 1224499223455989762, 46829573, 1299695120829296640, 1121035617037635584, 4697849467, 3380723362, 1184626735020728320, 29053690, 1140259366907588610, 1224571493201432576, 374256165, 1388943496095150084, 704278679468150786, 1410641168036208640, 1250091320103796738, 1207335507140784129, 1361962175028289539, 352082953, 1089043146984439809, 1311618853340930048, 1274063014954700800, 1408442288477458435, 915294136714047490, 773356210246397952, 2525891407, 1089919620209958913, 1373383919958065156, 39676694, 1382086056867074049, 1350364073192468480, 1377253788201988110, 967200421210214400, 2568015567, 22784458, 4484777719, 1251927425635815426, 1157831092797181952, 1402651000507355138, 1358561164028952583, 204435601, 915968562, 1596619772, 2537825904, 110550608, 180980334, 228803128, 3160433306, 1065875786035531778, 1187561845734957056, 1286688677264084993, 1273508691841433600, 1356744888725962752, 1144719727618658305, 1260979021321568256, 776611561, 841861045346004994, 701064373, 718167032, 1093246992, 526951671, 116485600, 775374885262614528, 1227923263533305857, 577243977, 1357092394479595521, 831069751, 782061797851496452, 837201476850049024, 1391778208610013185, 145346276, 262693238, 1318268802853982214, 1358267203301371904, 1216572725029933062, 1277292400235417600, 1395579496674299911, 612792060, 2842841126, 1183354223871873024, 1359651108797353985, 2812210658, 3421705426, 2258937001, 1391147502745833482, 2149741735, 1305662012157038594, 946862890832859137, 1324846016600764416, 1391876185538314246, 1355361334918066183, 2285387701, 983813540023746560, 430013707, 782619427955093504, 1239524907387666434, 1057946514750767104, 1331693699500273664, 110273103, 1245810995420901378, 470406991, 924681096754741250, 1313406280678232064, 1320710751208787968, 1279686797392560130, 1388433895557931008, 1076389598807445504, 1321099568369573889, 1380324042696232969, 1222754037411536896, 1698526980, 900866711011905536, 827537010952843264, 2412932892, 1179168201449594881, 509414049, 1128880543003602945, 1252435806498717696, 1010312342410792960, 1309796208592990209, 1340159819668467713, 1386474784456798215, 1202397501980053509, 2562635052, 973271203359150080, 1676450269, 3062121734, 1295386657881911298, 4069378103, 974478051831459846, 1276944832636825605, 466029104, 1208610226993270784, 1275574577737936899, 955773216, 1030505153038884866, 1032949024175927297, 505219769, 1272561328717213697, 771874394, 773605521463111680, 4714270273, 1274042769174966278, 779113414656491520, 1099225322510139392, 1274341476047224833, 1358045423726977024, 327187133, 290603196, 809149798909476864, 1321272995193602048, 1512145544, 3038348000, 910202986776993792, 86874784, 50417519, 30948396, 1248446856021127168, 1041398546879131648, 388985452, 772894110176931840, 1167216094412754945, 895116303941414913, 40616821, 1325973279438327808, 1363901337340055555, 1358967278373584896, 1176723320089169920, 2575478810, 2730849242, 208120290, 1378187925595242496, 2970359799, 957294889728790528, 1296921661430620161, 3266497160, 1246621428180541443, 1410518912, 1290339202257870850, 562467580, 256182836, 1268575830961270784, 1126948525, 891638982324273152, 2516702342, 1291531868123222019, 2195046611, 18014620, 793971874313048065, 1374224662859763712, 230531566, 1054048796034981888, 724141220, 1309130021639000066, 1553895072, 1081435296, 880847162267119616, 1309186166147686403, 1173030166383058945, 2248210808, 35631163, 1191395796329095168, 1291779920679579648, 1350193765, 1364108975248191488, 1372463275602964481, 19321490, 611887654, 2868231594, 1238069417310912513, 1334877594265776130, 1242657058089918464, 1348536641569304578, 1225682685906960384, 392227204, 1042844622303588352, 23880612, 2611869660, 1326315372149149701, 1102310430352068608, 1351666552194674697, 49143711, 389038362, 557232993, 46141871, 469494734, 1356371598379536385, 4194191783, 1370165721586630662, 135916238, 1154808173674389505, 2286938946, 1373792204817199105, 1307545041548828672, 437577070, 1306038853, 831070015591948293, 1344668669163560965, 57710919, 1599608046, 51726250, 1062738433716686848, 125150627, 128102424, 783459397464825856, 77596200, 2317966585, 4147248021, 1354019971823755264, 1073913732265332736, 1123445689072128000, 627763345, 268279159, 4405311267, 478974228, 307448299, 1139245401217933312, 905993764346490880, 1278024402030993413, 3139564829, 1353454161677987840, 328657844, 2799225645, 1368019393553301504, 707620657945645056, 3434211429, 1360995179591852032, 1320039059528581122, 760163899110895616, 162935493, 386650599, 1246283326870020097, 1306003770321461248, 1253789411310858240, 1304468531770200065, 1353693598529724417, 459924108, 504699572, 10228272, 1128707845589876736, 1166533667805704194, 1287791094, 1368685564837453829, 1182253195185311744, 1959703765, 937793560283197440, 47216804, 1337079921768869893, 1337414131780112385, 1025105269070733312, 235968192, 1166324206092660736, 1331721490069327885, 612225598, 904918058514477056, 1303096356580601857, 1078794110008475659, 1214757714460631042, 1309652628167692288, 1202184627093463040, 1307428674652733442, 1253287242229075968, 1323784345946116099, 564193993, 1331502124736401409, 1052718709431775233, 1299772302125666306, 1353085512190488580, 1515085704, 1223270094664622081, 1259878470080921603, 1102000495516942336, 3546714855, 1305874862087507974, 979720544819040256, 1212591437205798914, 1129169983861399553, 1216677861500710912, 3178451578, 1359168827989372931, 1882843501, 1211712840588906496, 1218973257400868864, 1361753119663742979, 1092137824881725440, 452540168, 1041156001196474368, 477442394, 421828090, 1029114866655809536, 146986171, 750349344872673280, 141457186, 1082301285951569921, 879766635938238465, 858080240932933632, 1353146446220992512, 781324586344472576, 1084691046330707971, 1205442833127288832, 1284516084461318144, 991164136959561729, 787753038383570944, 1297306416382959621, 1536620089, 3022085938, 841385804547149825, 1313969397548101637, 3307593565, 779086393, 2936630215, 1337164820127297536, 977519935, 1297756916664479745, 2881497662, 1307902256864522246, 1308617717847674885, 1214705162633302016, 312608866, 865903216298426373, 4831460597, 1028012960344682497, 722379726434623488, 386766931, 1345028309789380608, 269098097, 1327293441244598284, 1228119585364291584, 249524030, 1258664463722577920, 4886035888, 1258115575420682242, 361351581, 864891034412752903, 3022863239, 1014214414495449088, 280445818, 1042482555486916609, 134532588, 518718069, 3226270026, 1239724701062254592, 4721481919, 1359304700991070208, 937568837742088192, 2372903119, 2236217773, 1061667888464121858, 1358773681217036290, 27280073, 277161300, 60215837, 314075657, 405841896, 9463752, 28207950, 1066856161893339137, 3410300183, 1330756624949055488, 1873157461, 1124298911429087232, 813228680, 827931193471545344, 1101067316677279744, 1164398685997998080, 1378226268, 1328566023188955138, 1291808715469881347, 784921524176314368, 50942369, 189677429, 618477490, 898916657627897856, 31309603, 24897626, 43982535, 633913055, 1328455268812939264, 3435376546, 1339684974539190272, 759660076214853632, 1339700003875373056, 50905326, 1155385695332028416, 1334924945445380096, 1344298872894611456, 1245183898826543112, 54135604, 57982473, 258868912, 68577152, 14945261, 19715003, 43775786, 398399646, 1256594616922537984, 1286331811321319426, 1145702070961496065, 2298513297, 1089302510760685569, 285405341, 2583756498, 565056981, 880558887979692033, 36155311, 981721176, 37708172, 151711230, 216744204, 978716741160390665, 1325290245273874432, 9624742, 66369181, 73238146, 15764644, 17494010, 803694179079458816, 1349149096909668363, 939091, 561441123, 1944404312, 936295208186150913, 1325257937703620610, 1348838107009970177, 281766200, 3247912418, 1134870767298990080, 1331010779542417409, 1488707239, 1080572739520319488, 1116075941002928133, 731555305, 1213023909039075328, 1349483193750188037, 4537369403, 454495608, 1225386924866777089, 1312242743465463808, 210453577, 2349536690, 1140275305610919937, 40379447, 2439488023, 1202521641986727936, 1240290108856832000, 108162397, 1324158729781190657, 2713319304, 1001553626953760773, 3116608389, 2247675331, 1211359741001138177, 2861156847, 17849966, 1041364492507140096, 14134146, 1347692614963744768, 1201381043946737665, 1361739991, 1088147520109404160, 1161474465966018562, 58579942, 574795929, 1228856612045062145, 1062107257167593479, 29442313, 30354991, 1165759844726579201, 3078865714, 986918242856980480, 1032978119370723329, 3137291923, 1344944811317583872, 281197739, 1689370986, 1124378968101199878, 1225097874658222080, 1171815619680817152, 63000360, 1256064988269199360, 1040811239838871552, 1212654275483930624, 1338734112031592450, 608751926, 2300293519, 416814339, 18823758, 1176203556627668992, 2279776304, 487285697, 239866310, 744515922, 1689572658, 1182020819536564225, 1042774986195394560, 3774684314, 1340996513095438336, 26706712, 2487686709, 4140018434, 18643437, 4909877474, 248835216, 130997057, 137862496, 441138824, 1306913249535852545, 1338828920989380612, 167481439, 1259616426798845954, 2817623887, 1541844780, 2918104488, 1182148632293904384, 1217352327276957696, 1579088689, 346526830, 3387618087, 853812133292761088, 921781906709999616, 156058546, 1249744806256902158, 2575801549, 883794259672825856, 1187167343790702593, 716774353828839424, 718594890716721152, 255383997, 219086737, 1064067352168448000, 1215526361407901701, 1071281396193333249, 1238377192691810304, 892986229456764929, 1213173405697986560, 1194022517595348995, 1924674840, 792087833150427137, 947523919640190977, 146310869, 3268159224, 935565488, 64339482, 3192171629, 1317943241170391046, 1135020889916026880, 1295055663203258371, 617301350, 933958245470765056, 2832885322, 1334709739444457473, 2381326302, 780102301855789056, 844354903518707713, 4746798391, 1201363904020066309, 810280577823834112, 1154838848242880512, 1146510478593679361, 1214696284008804352, 1020270236807942145, 1255567824669618176, 4513348220, 1152863270048542720, 1191528764548755456, 417580633, 2919189975, 1328042898701643777, 854040500839612416, 40341175, 1163540136203882497, 2239887019, 972830102676541440, 774705571857567746, 1276884897483960321, 1159973454428475392, 1295490831273455616, 601449059, 3387610252, 1326677674572517377, 1319423743, 743169909903884288, 1315152496197865472, 1065466984702320640, 1329508510300663808, 1087021074221596673, 907806129417105408, 1132871230221148160, 2751719838, 1136838198070456320, 1200494331917979649, 945566382292267008, 833087489728475136, 220361782, 1916057316, 790235048, 1061908058, 1077479861013434369, 59553554, 1299486761639383042, 1279892918380224515, 2861353393, 906881171002454016, 1295217866002894849, 1019662381964845056, 1070381751489495040, 1144221158532964352, 1017156369747767296, 3251007691, 1192265044899368960, 1285122984747905024, 1210545371081871360, 83738272, 1157876423312306176, 2653325339, 1628700679, 171337448, 581301629, 1263218133948665856, 2203150838, 918157849687142401, 1140403381539766272, 1298990807093927937, 1085755154241150976, 1210088339988209664, 1266149875525324800, 400508884, 2784904442, 1111653066338717696, 1391265103, 964137042534961152, 1148957787294224384, 1020862344912654336, 910500300594786305, 1239399633996189696, 1112946402705977344, 1105300501954879488, 1156613591820378112, 879055325260910592, 290110017, 3283774104, 108471631, 464209765, 735165556567871492, 849574007020019714, 1285070450540740610, 214602900, 1257791373148737536, 263366258, 1057733500433063937, 2673470837, 831233740567359488, 4889017204, 33031368, 1187131529299935234, 1326714073875091457, 1240301713329963011, 4213162393, 57089879, 801681976243748864, 909405259365220352, 1069106908076761088, 791091279580889089, 15069498, 258462053, 24952583, 1224002178525749249, 2954232842, 28955739, 1148713673541607425, 1289249007349444608, 1267409362055598081, 1139987364250603521, 1108050829393707008, 512613427, 735325838, 1466048168, 52863923, 3224751841, 275359872, 1308726880770691073, 714695714832584704, 1028840094344654848, 489928354, 1969127310, 532406707, 1173639834, 24742040, 1205961093581090818, 141023185, 775919158634479617, 1282482688767725572, 3070454165, 16037600, 1281753961112973312, 1211473225445543936, 17137891, 397013770, 1250454088644472834, 1683562260, 1319934179505819649, 1097956549652332544, 397197585, 1207370483882250241, 824095343457554433, 1088712157, 746737297, 820065903945588736, 333171940, 1099056613015597056, 981646987165659136, 989523400728162304, 17621994, 64780470, 1072822851185664001, 743278923799216128, 972325240297656320, 2783231383, 73754019, 1248166194827235329, 2751354280, 1299764248579641354, 203116683, 1705202990, 271130230, 262858235, 62902439, 1267363222136459264, 1214204521355677696, 1205226529455632385, 4647689355, 1123691118074454016, 535665053, 550678029, 1301749143174623234, 858673884845027328, 786590191, 73247639, 244441120, 96674593, 1255456903406202882, 2988993624, 851852127722975232, 1280965966181142528, 3409123967, 581469974, 1017857402119614464, 153918448, 946151804915671044, 1126189237, 576698518, 1131329013295853568, 1277348222063673344, 255792011, 64495435, 929479052141854721, 215743018, 1310888946826608640, 1296193029636849665, 789614195381772289, 2627776620, 293862623, 1313672281546252289, 1150840717125644290, 105297123, 617570044, 2844416916, 266135518, 2352645056, 2352361094, 231654644, 868213970968227840, 875385489779548162, 1204486407621894146, 1219741498528366595, 1267820495279321091, 1261835913363144704, 1219650402691559424, 1259827717, 3355560119, 152448004, 3368273092, 1288050187131187200, 761954337891291136, 3578375114, 44215990, 30003719, 1243242617443422211, 4839780003, 2667167406, 1283068366706454529, 2151930234, 4120739895, 1242210038531477505, 1255171850063228928, 118845298, 1277216525787828224, 1269490340454686725, 3265546501, 1263285533997965312, 94946053, 1302602993355886593, 600625671, 2941088926, 942074197, 135019364, 981293396, 1142425545243865088, 1118234687846125568, 4702708386, 80420672, 2148248342, 19426551, 1292626401321861121, 712516863297785857, 173021139, 1288307408012480512, 1083360030462746624, 830296695837712385, 821457597752639488, 1043493077468381184, 1012586159094943744, 459725127, 1022718283919884288, 984576195327963137, 1080599619036422151, 1144260378442031105, 789929852426153986, 992189925784203265, 3293782100, 1417045472, 259540958, 1012290735956201472, 1089742718102892544, 1259167711512363014, 1262663925465780224, 329416529, 1219026721502003200, 916469362382557185, 868452126653112320, 856544993745305600, 947834963717746688, 1080508968089325568, 566917212, 1100403750555004928, 1651344992, 775135715210432512, 1169374555, 477204415, 879038356344188929, 1525531842, 871497096, 1127778523668721669, 2895592763, 1158022722745700353, 1269445211689795585, 3213828451, 1286994050105651200, 1159267858632757248, 1283859322087317509, 1188482814511067142, 1175505989698752512, 879456034179473408, 1232149437201494020, 2704382713, 956257387933028352, 278491097, 1273072922119331841, 299373263, 284350412, 3035388177, 932270710399143936, 83636197, 28265228, 1104147538041585665, 886398296146706432, 1290585668784201728, 880521696159174656, 1164138913, 324703658, 970866824, 818160362520449024, 3181713195, 950329178544631808, 2962959339, 878006006181240832, 1489709312, 237262611, 1100017103065829379, 730547264121245697, 69554907, 742459944847314948, 1173782564, 3873936134, 821102114, 746863248482402304, 236827933, 1282692855811670020, 66209470, 1281562611977531393, 1005610317244706819, 399909209, 474919140, 776049583, 145107843, 720157572041424896, 3298260008, 3004871415, 104040220, 28602948, 1133795508, 2959374081, 1015128022804885504, 1287499116386217985, 294381130, 15846407, 1132129144462987267, 1119170404705341440, 24275419, 219807531, 964222315822231553, 1197051353987571712, 989312914275221504, 337337691, 4833803780, 283152866, 1134552730146500608, 1184931925888323585, 1111149079621320704, 1257673779922104320, 832234933, 929188733991100416, 1264433868981121024, 914481118321274880, 1695896887, 1168013668820430848, 1027048000860942336, 1134490199168299008, 951336094800498688, 1229062901916368896, 2319324633, 1244768451224383488, 853042533345116160, 1241369759289094146, 212726163, 1174507631433715712, 1169648872878198785, 1243739041750605826, 731396805695553536, 1656859196, 716395390900133888, 1043189296969252864, 1148736193, 801132393725771776, 36806880, 36437693, 1112218159233163265, 1018360607572045824, 848611505385943040, 3080953538, 1273995785336762369, 487962301, 132752344, 159113258, 35982046, 267425142, 92903456, 76205861, 836723505731362816, 1175177905787277312, 870019898575138816, 1197411132056776704, 19040580, 1236994468907298816, 3021934488, 1007441100141973505, 185872962, 967782312053223426, 926889304386711552, 1245013312032645122, 2885400719, 1221475640299249665, 1125784497910366209, 2279380836, 3318096444, 1264600238804938752, 1251996834144419840, 1340326398, 1089605152816943104, 1239617559982305281, 1270943972949733376, 78335735, 445979674, 3103355423, 1108930570715709442, 1192608471977472000, 17955081, 23625221, 2213609695, 1228643700777144322, 1154733638631731201, 1201717651841511424, 730208976487354368, 1229335146341556224, 1209081033758531584, 1277596857301172225, 972198287674572801, 1251815685274996736, 1137306371211137024, 1275903261912920064, 1270531866634878977, 1176331625979887618, 760566458095063040, 463952988, 2750195648, 853787866417086464, 895048329566056448, 122261841, 1199117664943312896, 4575996049, 34301875, 270500950, 1183570789599207424, 4261642822, 1215838532155138048, 2404202998, 1271610366070599680, 1247606278517600257, 1273662835453652993, 1219667301076783106, 1108178123063988225, 281864005, 1270596200115441665, 1266941806568144897, 29165416, 3025394476, 1499450310, 2526808241, 1272279839437762560, 4880095456, 743662396892282881, 1270817447063490560, 4594756404, 1259274428191576064, 54938044, 1259985620958695425, 3358880445, 1270110780273328129, 178492778, 93091480, 140845817, 45342709, 53807788, 182662505, 42296641, 105499378, 242960383, 970668545234423808, 314374260, 1264229176883765248, 1215126191444762625, 1229364877145333761, 899351134376165376, 1249345380350902272, 1222665504864776192, 703558015862104064, 1249327466822369281, 890088469694906369, 912422231187296257, 91015610, 1080588284806483968, 1087139199386615809, 589346760, 214179693, 1099816418596540416, 1252039297701683200, 1190826559516659712, 895046063664627712, 962506988952354816, 1214440041755201536, 2288914989, 1177783371243626496, 2847511385, 977704453611630593, 1169704417681117184, 1222691955181670402, 1244436473962586112, 713884801409875968, 2284369645, 1177020389106470912, 795298933266415616, 1167989588792610816, 1078050123668692993, 919107568177373184, 957348451372630022, 1077119569662222337, 936089530821525504, 472216035, 1227092118998417408, 1170406598629613570, 1008053923192565760, 1012570262418567168, 1184647076791148544, 2615446442, 795078136882806784, 1097667710262145026, 1212924997481590785, 1261810912811380738, 21084735, 1064216575232884736, 984650531451883520, 1252582292423245830, 1244315150280253440, 1145430938844848130, 3973367956, 163885156, 1249889915128741892, 1083889231452348422, 1085699902305386496, 1263344555547602944, 1164041880947941377, 1057638896438333440, 820877387403587584, 2632100432, 1222024897041293314, 1240326511095361536, 1262284053157482497, 4880559254, 955991911009013761, 2784690362, 1150035796906430464, 823328180, 81947940, 1249364455470833669, 1150185390063722500, 1643959278, 293692990, 52203132, 2800621121, 121149313, 377723724, 1064307123419525120, 979158016414113792, 1258007450994700288, 948734570249125889, 43355400, 999560561972006912, 3091876273, 43005104, 802988664406102016, 755418804801400833, 1256740982189678593, 48337321, 1137007080207015936, 777285147108319232, 1254197517400637447, 338044152, 4329587333, 1178842246294249473, 736282411504439296, 1262912025350594561, 1243983296813555712, 753332442, 1166197949661143040, 3938632917, 232010910, 90057442, 1249023763569692672, 2388127627, 1258920326492274688, 1157881148166549504, 1191003726783434753, 914584780225892352, 1227682950130675713, 1106023816126492673, 3273930834, 1254378668312297472, 1219770890147201024, 2216873954, 1210442307494961153, 1062859652352770049, 1248814557172285440, 1186705090746507264, 1164930028540506112, 1262132497653075970, 1181917427514462211, 1211122558805803010, 1239656852155179009, 1256724639881011200, 1209147909402292229, 1126096319850766336, 715777000238104576, 1189322378238664708, 1254299272415195139, 1214694816556208130, 781316155206082560, 1100751695208988673, 1106322510814068736, 3160227535, 1215020211918852098, 812927709672308736, 2396867126, 1249080143043272705, 1256668494554370049, 2416490578, 1033340954261053442, 1241907308030017537, 717470082809667584, 926522067738128384, 2860943101, 1214276296391319552, 1145840275492724737, 36795440, 1605067236, 2645535621, 1246889527714746369, 1222244258154995712, 4786965013, 1250748165562740736, 1213347060218359809, 1103111002957197314, 1017938267629637632, 1094698711479926784, 1252666350289518594, 992190397970550784, 1242922927642853376, 1128408564802801664, 1203441500207624197, 1214299194996871171, 1225985208261976065, 2760878853, 1234957806811459586, 1198501198619271168, 2808037014, 1037283439869747200, 1387286384, 94715783, 1113494898966192130, 140580132, 67737989, 117283250, 703792298904129536, 2653856413, 508336221, 347326267, 2389888200, 532450135, 1245780686159646721, 264992918, 1256298553409974273, 1184503825060655104, 1139323773864144896, 1106530600788189185, 527103023, 476864273, 178036173, 15659909, 1239284514926383105, 4217821463, 1107354949694844928, 430177205, 493319351, 819744763020775425, 270700594, 452653869, 3908301134, 1041195879250649088, 50674211, 2581341073, 869631867280117760, 1254946147556380672, 170670888, 1194442571910713344, 812713980112224256, 17287497, 700014307, 369829245, 1415080735, 2893437063, 1232077630977007616, 3194854032, 1204732074097119232, 9300262, 1157883432086777856, 20710218, 220336959, 3017602327, 4128216622, 12661512, 147039284, 104633633, 1052276148439277568, 2856085559, 168808155, 72960530, 1155207302502322176, 731168125526347776, 17243582, 4184913154, 1118585267378634752, 1673217121, 1613730758, 3193408588, 239103376, 1159190435765641216, 1116746940920811520, 2575355572, 1199470974481121281, 17762040, 557947747, 47855309, 32522787, 112520997, 390197006, 958109367714410501, 109266515, 232556281, 35842926, 201569883, 1023059433616633856, 1138303528315887617, 1629562334, 718475729139273729, 2527981416, 2259675206, 1181584048914747392, 2903148634, 1229856738708422658, 1121478970036375552, 237060624, 1245559042795171841, 170759911, 2867462992, 222221274, 3244583372, 741881252, 1046881484, 738464812854870016, 2701768469, 16948493, 56186139, 1057042298633183234, 1267387321, 1977157224, 1125124376653914112, 891958460, 571206183, 2209631018, 90268948, 1055610871752343553, 790714077668605952, 1213342416964440064, 508225049, 797080163381112832, 962037856502824961, 65680328, 818015963874369536, 444171364, 388895171, 1105948619889356801, 208357558, 995494249545289730, 1228748585291915264, 1367531, 28785486, 15754281, 14293310, 91478624, 5988062, 3108351, 1652541, 51241574, 2467791, 14173315, 807095, 759251, 701516692913000449, 111930973, 1091420402625191936, 1066479252722339840, 1134657306719793152, 1207746969453649920, 1053711611414888448, 3416586485, 1229337714505416704, 29910549, 84353161, 23967578, 40519997, 7303792, 1210766904027037696, 1196973512541589504, 21127705, 28171973, 34467514, 1221247129655574529, 3057781659, 2393146020, 2873185479, 773527260200599552, 199296889, 2416748834, 42575984, 704802776312774656, 185445173, 815559953377333248, 3041802159, 72851133, 2909539974, 3808946123, 249485320, 1232457985, 93305188, 36799486, 2290484995, 53432236, 1117155582149038081, 2925982143, 473529491, 1244424284736454656, 4789899133, 53542264, 40725502, 819008799981862912, 356963281, 1103120801597980672, 1161490118164791297, 48414148, 233183631, 1085654384686571520, 175831351, 725131849, 1011798912879951874, 919810650162970624, 2986471820, 3198227191, 1227679296514338816, 156926998, 730511425857269762, 1079855377653661702, 2379908582, 23354702, 3263816130, 2205618662, 2748585072, 738561438919233536, 2367911, 1149587426836221953, 205354618, 321459483, 1282334442, 2297244138, 27260086, 731532930934280192, 3305470938, 737724980641845249, 24245839, 24661379, 1230550898616586242, 943547599365304321, 49888062, 899039172299816962, 232268199, 1165971062800158720, 540921605, 1123735510571212801, 2631654011, 1189189532987449344, 42418379, 850371734784102404, 1702183596, 61109620, 2608903424, 752286235171913729, 281890963, 1137169417945661450, 933772363715489792, 1036801270026260480, 706879726971973633, 832820468973453312, 61317943, 129091856, 168735527, 258044924, 819916542695669760, 1207817149655457793, 745597407606386688, 4018813393, 3000699650, 3515600307, 1920431262, 2715311964, 193791940, 2313002094, 575882566, 1707791742, 17349011, 78523300, 1416537146, 707708548843577349, 3434613801, 29268852, 25209196, 1024336429198049280, 148400787, 1148121315943075841, 750798753427230720, 2438065618, 900556833873702912, 1184288978629005313, 1085634158397931521, 722419935675330560, 2321773872, 354435631, 1230854693561290753, 944731327479406597, 866747955327401984, 716111750979051521, 1148452577362599936, 2371082444, 103744088, 2193205422, 1011694286725734400, 803805726204252160, 598816040, 1176688833813012480, 4228567557, 25593329, 911706561793462272, 209810561, 437427500, 36824389, 67422413, 969441999697915904, 317521541, 3033812080, 1098035706637832192, 1061779651121635328, 122400252, 956639651845980160, 629546137, 3121272819, 737155498638757888, 3335804345, 2252423756, 1589618706, 172051585, 2676706479, 2610374101, 921385533875671040, 874494293896871936, 1021597758027907072, 1021090331922747394, 1120351848991469569, 1134253980496928773, 1229337803277963264, 2850598053, 1167031228018626560, 2397308654, 710302908, 921215552311275527, 733217122101383168, 1223949694524698625, 4660605282, 974464326387077120, 1069062291553951744, 953863929763020800, 357606935, 1181992959920787464, 1120429045127077888, 304500795, 2941214692, 23880347, 1126948346, 1188165569029267457, 993168208822759426, 211895163, 798718070621663232, 2241419601, 4694011844, 47191725, 252718046, 3138003068, 485415651, 1133802382943490048, 961672765572075520, 1596494437, 97722144, 49717220, 4217808880, 1063034450, 28066436, 448562247, 46704247, 153307097, 3119850903, 316113281, 1306736317, 2732826854, 1226691688506085376, 563276275, 934165701220282368, 1215267113528627203, 726534919430803456, 764208541, 1214396772803592192, 240835490, 347013757, 1089017380930433029, 19136295, 426226759, 1086929264723791882, 361362115, 2329708273, 2753563049, 1040361509396905987, 1096845795351904257, 1447153124, 867732292130795520, 14983499, 4254051858, 1197701160611659776, 108477485, 2417085025, 826274389423316992, 970445208449150976, 936033148122685440, 503421351, 717455633331556352, 12, 16078808, 16332223, 902161721942532096, 1201678743615369216, 1000046062789431299, 854049208629735424, 1065994788074340352, 237897102, 886934492388241409, 1173943078757027840, 16305370, 1071370212195229696, 871760971773169664, 4096365088, 14505838, 44409004, 304407232, 325306055, 1010106979627520000, 847826052516900866, 3192386964, 233149440, 1135305145154244609, 2470495569, 970328844, 4632137112, 810843248717656065, 157830628, 164818322, 455110584, 933166143136849921, 2811304884, 1199964249482645504, 823393957354893312, 4579821142, 281197696, 1116696169021882368, 758865575435055105, 1186292803682361352, 63471758, 1208085191031447553, 1184601559503704066, 290216230, 776869028036042752, 353963176, 1211068080912121856, 1145563709890334720, 268738761, 91924509, 228403233, 46919513, 240734425, 18321950, 3389830938, 1061228834, 1088967574077898752, 1102151446294757376, 888672024, 217160945, 497342253, 283831160, 2393589495, 2757951000, 1148498640924827648, 900064906199785472, 3187097739, 272616327, 72362869, 14401698, 1206550123112583171, 1093680830575267841, 3473139139, 1156786064813711361, 1123643502317977601, 1199784937760739328, 905130203101483009, 1074136461862146048, 1146341138254782465, 710733538920804352, 288000034, 2904168227, 1190624817508167680, 1123036712920240129, 985132776419676160, 822185179477315584, 895061910504300544, 45690744, 933242996312612865, 4594962935, 23399646, 1201190116565368832, 1466488016, 805976189546459137, 1010216207587463168, 713858471108567040, 154280902, 2812155060, 1206238683361402882, 2562070883, 353385611, 1197945684554637320, 18236230, 236699098, 34507480, 23617610, 157140968, 2836901278, 1189340598676922368, 1205310773557387265, 3423171569, 2835058924, 900848714, 820092242908028928, 819099439214170112, 845061349482926080, 4140881832, 1110972480523513857, 843915358188834822, 3612082219, 42519612, 1052329851070361600, 4261901055, 18313840, 1350453762, 258910789, 3481689555, 293413226, 3165889788, 1684285226, 1831598136, 18936809, 1093834159766818816, 2989568062, 465177213, 2187489492, 35968320, 816910411752574976, 257748235, 1239398544, 80094297, 45055696, 3788165593, 2343190751, 1106723014610243585, 1107866661309300736, 72610934, 310687757, 141832160, 2743113943, 26864519, 293960954, 3639601152, 928707978932482048, 558099303, 3087825196, 1005079536738988032, 2962192953, 160913911, 859078673118490624, 26366170, 104066411, 28483093, 188519132, 55334133, 131605154, 518142334, 3519401057, 111457311, 16672642, 25654553, 35317001, 36693198, 37622459, 214771999, 61792342, 2674514694, 974017848648462336, 926884942063140864, 1881934309, 345839909, 1088839306649747458, 1709282796, 943456807904673792, 4889388448, 1053063080714870784, 22434757, 343017633, 1958028342, 1179467796452798469, 881347164919746560, 720303639277928448, 233363024, 821440100336799744, 890638294064738305, 959631988574605312, 1074787627998609414, 1045555477105577984, 3424517722, 766641570, 1560852648, 2164992777, 1119057501931102209, 1463670332, 1015821398365765632, 1012470011078762496, 989983009339269120, 919686187715039233, 1112159478630223872, 285439014, 2947122151, 53197137, 1168167719256186880, 111210694, 437210567, 1034913472847347712, 1027212700726779905, 826623683057721344, 20397258, 2716806058, 22169313, 85215038, 2966583353, 4101488014, 805491708, 1046925014166065152, 1063139975120728065, 331543899, 23394918, 19565217, 2409354186, 87295251, 148968224, 2374291550, 4918634793, 4699566420, 26588166, 1183692160371253250, 1180578477646458880, 1941208939, 4211717927, 771262851533053954, 1352381204, 4883526088, 1134228492390977536, 48183841, 1181729392755707904, 1117047006969704450, 892121309467029507, 1139993485270900736, 224497429, 40349450, 843205111749009413, 1182019883078488064, 379248944, 1162851560826834944, 3055568100, 4864688230, 2171452960, 3608261360, 3416160147, 958430104492937216, 2251413930, 2376755440, 2763912220, 2410919102, 820779547662675970, 810678032490958849, 841387205318828035, 874885362178543616, 1071168790241701890, 2997690452, 798614686887510016, 805225928917917697, 807382011157606400, 1131959710247247872, 814268644104540160, 3268379198, 1606226184, 3377484748, 776799940559433728, 3329803433, 1127382882127839238, 110146685, 125066866, 3162048481, 1089931124304822272, 979219739330322432, 3119589360, 349981183, 89879578, 1164887881611141120, 96997907, 785651770697523200, 702699422589714432, 965092080245645312, 1035622506156187659, 921445423868534784, 854927930597662721, 1030896258309808128, 2489515830, 311356797, 1040650913973723138, 1393584865, 434926085, 56242460, 4715679396, 821427788431228928, 1078127762, 870787233363656704, 1152808205950562304, 2881610205, 2398404547, 804163349067993088, 1159674981095280640, 3307803469, 872951645424033792, 1150943263626551296, 460195108, 249535002, 216776631, 14629315, 21265120, 843610972346437632, 944632008, 767807789901025281, 31126587, 111223220, 27583598, 1011809176664854529, 809661674663899136, 860155541468983296, 1166104726024413184, 138245867, 746804905642450944, 18638090, 20998647, 32324577, 2879312390, 2165215368, 974594961353117696, 18742444, 1058167995992862720, 1155259902350299138, 168778996, 1117786405, 779898205, 1023656043971141632, 17874544, 893959709434167296, 1113102607768215552, 3325355845, 24999540, 175479505, 14529929, 16051471, 22799750, 69020461, 22649795, 484580279, 2282027030, 82923436, 887458499675922432, 2362843891, 221633572, 900674949718970368, 3305639147, 296520276, 2536908781, 1092346141998370816, 25878827, 855894468888633344, 2876692971, 943534206126383104, 931167851519578112, 14275649, 1148625353155457025, 793843526391980032, 985965978596069376, 628642640, 1155220603042967553, 1077519760978522113, 2428905177, 1104150073276018690, 847354602424905729, 1087922113, 1161521150, 191990234, 431533738, 2351504183, 2424305664, 259519519, 4835105571, 1009996943899193345, 723909957431615489, 200978998, 2829333475, 26161908, 897933697, 451306196, 141021153, 1095206325406048257, 2598371538, 1094946602555453440, 785838015675568128, 816381772002795524, 39543324, 385734008, 830809363392507904, 751858337377980416, 1445650784, 44516935, 1097888244660875265, 3380395931, 570462954, 131532978, 1058639899, 997589844237963265, 1022228418384068612, 908550638857940992, 928353239866621952, 298139855, 3177884941, 57227844, 243696198, 1143312931549061120, 234905133, 34668551, 20632300, 78193153, 1100829828511453184, 632776836, 873574946945064964, 862824455227224064, 2309048144, 709095240, 4541336116, 948259538280570880, 826288847562559488, 718622495960510464, 4461048078, 260832877, 106843025, 927722405870604288, 1139574829802090496, 1105549930121383937, 539531371, 617815341, 1054961071226789890, 907233733396373505, 994357855, 424774869, 483321257, 1093146853, 996145551262605312, 743012834481692672, 2993447080, 17585653, 299371206, 104253180, 39257839, 265104007, 57516454, 52181976, 968244445480148993, 67405592, 35471392, 927269534926540800, 994873559922151426, 345114444, 1120784952235364354, 1054863627029598208, 1099808153791856641, 137658536, 43769570, 822552986828283904, 873555547437617155, 838776151296339968, 418147815, 254274083, 866748473340776448, 1082559519811485698, 1077366962487840769, 240884573, 1076607756, 3245342899, 533501223, 193817983, 18754476, 3232150860, 1596888283, 3316556847, 284212383, 312429738, 1581362262, 189534066, 970930087, 227953112, 106017140, 2794738867, 2664628269, 1850701152, 705775932813012994, 80884233, 983211591331209216, 704136096180006914, 116617558, 88864731, 1275221958, 88572370, 106286727, 782982725208715264, 779065527037812736, 2210865044, 45039347, 82996855, 73588665, 2212793848, 61519237, 883420897, 953072400018694144, 273692315, 194327389, 418113002, 15726324, 15666807, 15737175, 88198771, 730423012919377920, 1315391190, 34613234, 1604904236, 39774571, 2911095315, 1130973285318090752, 1569159277, 755822784, 4750876977, 299337996, 846068257949933568, 4767112281, 996852701496512512, 713472640300802049, 17491332, 794099858919608320, 758071212409024512, 855359365364232199, 17883546, 323030602, 3256068152, 385560056, 326756275, 41304837, 165759691, 97690357, 115700178, 1076149940710268928, 1037756408383463424, 46769281, 26642006, 29975033, 1060747240787066880, 238431491, 1112138858831982592, 131929372, 857131826372124672, 1635796273, 1087348778, 723569907204395008, 4832047612, 794767994341773312, 2432565194, 1042431411167277056, 1938030980, 1253365489, 4899464620, 1356880410, 1961264630, 1085235628831358976, 355994033, 1052184515018403840, 1957822664, 17560096, 19099552, 3266375124, 1074123396605231109, 3192390156, 108663154, 4925609980, 20533326, 1752960883, 24532699, 2200049978, 315455101, 96625583, 929729924931444736, 1103205862452150272, 32453930, 165021348, 567167802, 1060067866580443136, 2361438475, 137367965, 976855496111153152, 34356968, 18768513, 2952574444, 16760131, 19556528, 872695783, 39367703, 40927173, 380749300, 2565401266, 154019433, 703242659205230593, 33772666, 46033797, 431889730, 2276879756, 2884184449, 423570545, 3107673643, 117127129, 126174017, 1091445103112138752, 1909762748, 850230925501669376, 1077990884350836736, 2455740283, 46122264, 92717138, 1016435887897481218, 91208190, 4692588938, 16403943, 786998883591262209, 114188882, 12513132, 2395156458, 191685942, 998962280871092224, 990742371515199489, 4699719036, 3379505237, 277080666, 40059553, 16794568, 14631115, 18588279, 2922268330, 954427716, 6351572, 3105826730, 178690996, 154221292, 770352762, 274200127, 767780573981081600, 376658609, 460754274, 2264630096, 2710346551, 2364897541, 3862673773, 1484333586, 895402308720140288, 69460994, 880658540901302278, 963747873929252864, 263897408, 3894678680, 765448658, 1225297693, 3104735252, 2158637516, 398433544, 608418415, 163268018, 3064626591, 189759686, 18194218, 301779034, 3092744181, 15012486, 632498857, 53553429, 943585561587126273, 54951973, 3227981912, 3382162247, 3425940958, 22675606, 25121410, 36724576, 50323173, 23378774, 35069260, 17051641, 95975081, 18494981, 277596528, 34271888, 122218099, 19733898, 21062680, 22720424, 26211782, 154893497, 842474623, 2923678694, 1048018930785083392, 2161137858, 2319945172, 4325755996, 2987922767, 151583233, 950283075950403585, 15290441, 1499636930, 145870212, 230407089, 169115069, 224221596, 319262173, 278098811, 988152480813940737, 965956479030358017, 248232279, 747827685544517632, 786637564790710272, 97483082, 621202387, 970438426712403968, 2530821750, 818848266343350272, 21000626, 904065851434905600, 1219304198, 157936916, 430416500, 910654218494664704, 14763734, 971089833144696832, 950969243864125446, 410409666, 370044584, 1059542139737128960, 2354090707, 2319606247, 823190202957045760, 3095089653, 2248524008, 553497939, 50393960, 19397785, 39344374, 52544275, 1074480192, 19394188, 970207298, 1339835893, 1099717411, 3051498414, 936045957548068864, 278271580, 3002131852, 204795000, 25479867, 1279220006, 1050741637381595136, 4866228711, 955229373665198080, 3044988133, 1067799668354994177, 62499555, 973264504111927296, 1046755105746407425, 783214, 783783034080362497, 27782557, 357294577, 22992224, 1055832048777158656, 976173357132599296, 40358743, 139848744, 17220817, 1023329268854677504, 4645656569, 923410126584807424, 934592609384669186, 135249573, 3184977160, 832444202457796608, 882248998547070981, 1880574811, 1072174350734811138, 556366535, 74058491, 117856865, 631274178, 717091553110458368, 1325755878, 119742578, 980818415802896384, 2380581448, 363903402, 2834500793, 31422120, 989535069453905924, 3394186438, 273122696, 117718640, 264799333, 956622773572521984, 977452287307239424, 973025002076303365, 842051887977373696, 3049017420, 994727755509051392, 2389280766, 906200195603480576, 611100163, 966726659939471361, 4598260169, 965744579961065472, 954295276361146368, 2654851476, 2296445296, 870520531, 1004014467015995393, 1005169756796841984, 786517288643993601, 1033376562102587392, 879073645464879104, 127435789, 2422757688, 942844458, 169085810, 979555517789032449, 361329018, 821638065433276416, 2360121187, 922264584781643777, 25905774, 2666936809, 389682374, 732981872234356736, 904001891092365312, 1367124774, 138203134, 990633098026061825, 3258981481, 112445679, 21514613, 3053917442, 1058092853472169989, 25658390, 18596610, 800885822224363520, 22739723, 385203914, 66240539, 905050244882235393, 2912186920, 2388118674, 768593146280153089, 542744664, 14851635, 409486555, 1869101118, 2436020268, 79923701, 4836125652, 874293005611565057, 911751962990743552, 895743701548376064, 735590402762346497, 4687277732, 39706174, 308752322, 8892822, 2961650738, 147888601, 36483808, 1018561663228755969, 1147180789, 2460748922, 2222629992, 952994192485208064, 164557288, 2356807250, 978690259839016960, 1602265992, 2718010818, 843803339091398656, 773280684173463552, 960493225445339136, 709876502192463872, 871579957121646594, 1039657216494772225, 293624877, 708816114357116928, 46423291, 69089188, 3163738708, 385388398, 1011800462, 476777637, 85199530, 730237473750552578, 2379056251, 17902401, 3383587455, 2991255308, 140497508, 3033098871, 37041552, 3247974132, 31524543, 392513215, 17970094, 17953972, 966412975601930240, 777247537, 1105604004, 79362102, 34068984, 15411797, 1933042237, 38059825, 928373653812793351, 720479330, 374169848, 58560915, 63733076, 44196397, 829744986098905089, 882397344561602560, 818576939233386497, 1629244514, 2727042515, 2336925024, 3295579633, 378186136, 27855118, 275652453, 717701257285087232, 1005601603599073281, 942878337806032901, 314120493, 794212716198043649, 2349165804, 4456091, 2451397146, 119509520, 59920106, 885534626588106752, 360099026, 52529896, 41651800, 521321191, 22831662, 939867195798155265, 803655998284001280, 1025406722456924161, 1729518109, 935277064088891395, 956289326245138432, 2349413126, 1463673356, 247424391, 246596682, 387262364, 4748292820, 1021479873095892993, 956647266839859208, 395079987, 341276543, 38367259, 27139967, 79511962, 35363064, 216271501, 318337349, 215707325, 1668450080, 734445330289332226, 2885725507, 582897722, 611848373, 4779816373, 3002054440, 4878441400, 315378110, 19166504, 2755995074, 358922667, 368583764, 361488666, 490900538, 2278455931, 4437557833, 950414594, 855103019343544321, 735594277041016834, 1926660852, 256784977, 1362072355, 2277126206, 958329408, 614333791, 2806191638, 1654279704, 586457318, 2372600622, 53815297, 74274804, 701340179, 987787322035859456, 926676036, 529404902, 230424876, 881931326114324480, 2411403157, 2244953047, 3013777044, 2344209337, 67291370, 1006191024505573377, 805844377373380608, 709873775, 836842023839739905, 2569932542, 4767225325, 783684287547772930, 2559865245, 958412650312097793, 4718388325, 1022236997694496770, 937012899326976000, 230930518, 488026266, 1225718160, 762170507546484737, 1019341405737684992, 808676316392386564, 2889971722, 972270074, 1495245547, 891959523837190144, 2464343990, 982714629473357828, 4564794672, 994659447594274822, 2231422037, 520680837, 1542453360, 234549282, 15932413, 1379796204, 2741078150, 286505380, 984173947687178246, 1002894367516962816, 114998327, 3376457606, 4741246594, 2918927984, 722184743698227200, 913047249202106368, 258629132, 2708191476, 348230527, 3925530433, 4169775785, 1003494606405693441, 1003492200901218309, 2826773000, 4900566926, 1362407426, 808590777291075584, 238255391, 806048418409877504, 972017716566614016, 15687962, 185487499, 2733210014, 2949104511, 726265475529871360, 144255219, 550209109, 42993311, 3323463614, 862798439041703937, 482124474, 980111694012862465, 4800268897, 25267437, 243700077, 712012896843091968, 45850990, 1660820292, 2161009202, 2374271592, 176583333, 61869391, 29142968, 4127246892, 1394399438, 6446742, 2965032356, 57690247, 2297547132, 532752924, 967738103191437314, 717465744150237184, 78619678, 16129920, 43814770, 42971403, 61701217, 840253277329588224, 12151932, 975606994663981059, 79281289, 932819116770988033, 967702853094723585, 4135142686, 157920406, 415385014, 818910970567344128, 818876014390603776, 822215673812119553, 822215679726100480, 216550166, 2668689528, 764336324, 3182103768, 151739682, 4767542422, 1250732774, 901621242, 871003323771441152, 929090199237414913, 781986427563282432, 971064948808921088, 926568990, 403548353, 87101553, 730541899023581184, 776717591385604096, 748665989307437060, 851609928347246592, 886794455822499840, 2859012575, 427008281, 398306220, 869421413307785216, 3276538915, 830906977169637377, 231534898, 968033314274656257, 290879147, 38316573, 4862798884, 619691657, 9451052, 1856350404, 2961903827, 137417475, 170735298, 352881953, 936242423717679105, 151534054, 905322879105077249, 2257940612, 228283902, 733170759829327874, 21312428, 3384887332, 884231885706190849, 751548982577360897, 309366491, 456988174, 924829078447943680, 1707690590, 488011724, 718728986, 895014043932540928, 93129160, 2871367661, 765905855195803648, 19842944, 84382153, 82977710, 844232703574663168, 875904027627802624, 58069554, 401681146, 419406028, 294493601, 770862363209789440, 2294733114, 876906283563089925, 809098662471147520, 253801470, 628074753, 34010442, 277760383, 849804653307076609, 159223855, 2163885564, 1117931702, 239563173, 718174263094616064, 786227398631043072, 2612635979, 2353913306, 2550776942, 4149386374, 172748683, 420912766, 161364797, 205120642, 253197582, 778784275, 37599351, 3254834362, 121258930, 955681514557190145, 3129931219, 1022904800, 1906559318, 277120302, 8157452, 896563341132300289, 728449727411322881, 574847712, 309755934, 847915509442109442, 950055480906403840, 205013392, 294664289, 237833328, 218723515, 1520508493, 168767461, 912848995139178497, 1205532788, 947550946464210944, 17895820, 2169206606, 98821255, 852510596826365952, 813843175416692737, 722741678100983808, 896015797193236481, 876847923992158209, 856480317988716544, 755551362, 865716736796102657, 4487646740, 36315674, 268270621, 46038355, 3077832052, 2910404614, 711201041317019648, 86486099, 395962535, 336115302, 74466455, 772175638950137856, 1685193066, 425871040, 594967679, 1475197358, 69020645, 2477252684, 281789280, 121284523, 995979576, 1708443876, 214201922, 146556805, 719324795167309827, 114679277, 2779631286, 16848971, 49368656, 394236644, 115808439, 30877353, 529547302, 3255003126, 262692468, 32619518, 21957927, 402468053, 188861907, 3319311670, 42887383, 21036769, 866953267, 288233952, 3636343755, 726925835769405440, 803665941183787010, 2778254619, 1481103372, 1668963170, 871596390555594753, 910590526189068288, 368703433, 43458381, 348056057, 913812620, 4249141216, 798510680991207424, 759101994187431937, 550619792, 121226571, 1276374102, 228590531, 1641246398, 15775181, 2743095239, 161418822, 210839744, 989235186, 734847872613548032, 905636570836828160, 808810656505864192, 463735393, 631335110, 907283753457811456, 161329769, 1699398368, 825534771031900160, 967631443, 292154866, 519072324, 222436278, 20575752, 172882258, 401016154, 340324914, 802670639035416576, 706571242330071044, 240452829, 286347418, 782854620070588417, 3759039683, 79890469, 1866174014, 523299705, 174369509, 500373353, 117883299, 130548917, 277601243, 547234963, 548974164, 130586942, 2200298539, 727348919315865600, 907249439680626688, 4073196640, 907337078198829056, 727841146500583424, 2386548624, 14655879, 1985381, 7542702, 260114837, 788968447682240512, 902324978548428800, 1593622315, 1700747257, 50096544, 1690259526, 2252843870, 738017958518198272, 724959200, 520180226, 405027739, 394590995, 80706281, 147759481, 1895852934, 72475439, 737786860227940352, 61696585, 24921910, 2409511567, 167781199, 735520507, 25362955, 1836983893, 51580747, 419754738, 241204643, 423571492, 433754390, 819015270425567233, 3438968507, 23532823, 177926698, 3843217519, 2804090552, 19572597, 363811679, 550584189, 29168488, 848148529168121859, 1859290274, 14395912, 357668606, 4890418741, 282646745, 2472712617, 274914898, 1553955036, 1390461720, 76966092, 25924388, 2167308367, 75051887, 813188968770662401, 45203497, 15210670, 835609614498611200, 330369809, 14829533, 29226377, 17850785, 192749697, 46195370, 1280688961, 541001356, 859171217638662146, 850626248, 768116121971134465, 2361510146, 15518172, 2812971281, 25458378, 832353829022793729, 909102066, 855202659107618816, 336231476, 25138288, 153966123, 840624519689596929, 1628604906, 39203045, 865296347678871553, 3298472710, 130420355, 2343297244, 174199827, 700781985195651073, 427095872, 3985862774, 71339449, 17733320, 771913682, 122555803, 195508960, 45675029, 59319830, 2592634077, 70725301, 96940113, 147023972, 2667913824, 22858227, 32501175, 838886894180188160, 175198393, 35805070, 2840980209, 481376138, 1438468134, 20571051, 2875394065, 2932346092, 187923237, 23818581, 131771287, 4675885333, 2701990088, 18038269, 2557521, 19923144, 243163874, 790621562428727296, 13049362, 174141487, 18033816, 848864039807705088, 744153453283389440, 827013210448465920, 816732966189731840, 780884025644810240, 2608758565, 3303915050, 53475513, 115679415, 768660514100670464, 44794171, 569439713, 181572333, 338084918, 22736017, 23561980, 166270127, 38802447, 58529612, 3296597924, 156411211, 1599698414, 18208354, 2200239372, 1262637314, 2527229690, 20354137, 847610933933297665, 1933735350, 3154560911, 803075100, 4654365317, 792366480079908865, 1903678926, 21360280, 400246874, 80013913, 2852126802, 844440508944568320, 755590365567037440, 4839977142, 2509373653, 2465122099, 110508688, 1270706742, 730628344962789376, 4655395293, 736057059158822919, 818139173341331456, 818415500145397760, 461569913, 3659968037, 3252132474, 3945542423, 768264093044183040, 3945542805, 792963118158655488, 35912291, 1190221885, 770973319008878592, 792291449471574017, 791417715068108800, 2253627049, 711376068804943872, 4112418732, 4800389989, 760787076484829184, 785817899793522688, 709150319096307712, 732539493924900864, 301752494, 362427059, 72595639, 1713575996, 221105341, 824208697, 503633271, 740476142734434304, 727921317157212162, 723515953598861313, 735252867670548481, 53602749, 715251648591998976, 38359180, 241671570, 3885742223, 4853160060, 3176174840, 2759086287, 2757298049, 4242615927, 1118461537, 2834524478, 3881323299, 2333629296, 2413327723, 3704927534, 3220283812, 3363699785, 3096303212, 3109845091, 1349629135, 3053674693, 432865330, 3044656300, 454604510, 2716711623, 329607767, 322744081, 221573745, 185449401, 267009091, 32117870, 33390855, 44527648, 24529777, 177345928, 890891, 23494080, 20899023, 88763317, 114585905, 2397150955, 86523830, 819629540477501440, 589959198, 28870086, 3760845135, 28939124, 245056117, 26257166, 26528926, 51263592, 456067841, 160951315, 258022594, 1321297008, 2426183605, 42642060, 23172950, 402778053, 82688781, 34788302, 1711162927, 3274233380, 1582170750, 297492186, 357943242, 1002527563, 31730514, 371539066, 434923200, 21408148, 3385981629, 19028953, 105251590, 3102223274, 2448436458, 164184693, 3241145536, 1596661453, 477312189, 872683897, 910874659, 786201961058095104, 28407974, 770869718303596544, 3108670439, 249264158, 783807811843002368, 240926766, 93934260, 2746711039, 194580732, 19280376, 243974127, 726695416608219136, 17509749, 259724330, 59522488, 94710817, 69343575, 69053216, 252575365, 406440494, 25925522, 467053649, 365776869, 293875345, 354529822, 1346812946, 220584334, 23780831, 1087182606, 54919560, 847389421, 29307032, 26316097, 100706620, 234979853, 27711339, 38437674, 1199504534, 22052327, 37193704, 120943272, 22504089, 54238128, 21740090, 40390377, 41509142, 19159726, 52529345, 22323319, 234521957, 17299063, 206222055, 40891771, 52791522, 216108231, 635700455, 510760498, 94943987, 17696167, 117778179, 19942991, 26565946, 3004231, 25319414, 29300352, 28006093, 74518740, 198560066, 22178780, 110895343, 379827102, 955885435, 278604779, 359099321, 3128909037, 152025127, 403198209, 1404878186, 3387139820, 272570677, 141664648, 106968036, 137579002, 183095785, 55117855, 124335068, 193095044, 40168339, 55424198, 62587361, 48488561, 19877186, 1055744521, 35133435, 21254264, 1643897425, 41436687, 25365536, 169686021, 444616120, 65468720, 146540920, 55351351, 15224867, 38974889, 149827886, 631800264, 32765534, 380730306, 56518880, 66544351, 17828988, 310463188, 369583954, 29940335, 214744776, 40812583, 25471833, 17293159, 964860372, 18269867, 3188843805, 2319665089, 16621413, 574857684, 17640726, 2408010751, 145809544, 612782611, 2835653131, 773532715, 336116660, 163981466, 102135528, 29964675, 30364057, 28562317, 23428171, 523632806, 246481013, 222932212, 10671602, 2715403902, 17878322, 20833944, 70874845, 224659331, 305370209, 38100527, 189945486, 18953076, 61619762, 46335511, 2862008080, 2970815692, 1705169576, 1658886798, 25355724, 284089166, 362189733, 101566422, 35586563, 22159122, 23234807, 360376862, 23778898, 21129105, 16963843, 45939528, 234526497, 16507381, 16112634, 65937545, 57810003, 98437749, 23151437, 25398075, 20785336, 32959253, 155620016, 802225, 87340868, 380525736, 295303231, 20626880, 19910041, 243217268, 17398030, 48485520, 30343740, 22429948, 989197663, 290097288, 294198566, 155620461, 77120712, 15234657, 29758446, 43989162, 27698202, 14922225, 18927441, 17610785, 90964854, 269941762, 153426904, 79293791, 533394907, 89556802, 82939583, 20265254, 1260366252, 20221159, 151112363, 238319766, 323120520, 1222616833, 23089228, 1222639789, 43139414, 28201743, 16302242, 26588937, 1195370804, 58598187, 355708717, 49717874, 205302299, 40255499, 172887151, 112915037, 18610936, 50811932, 16812787, 53853197, 16380610, 42562446, 20177956, 16004411, 28638191, 2258885705, 994061587, 1695831643, 267327307, 427643606, 946725475, 179932936, 28683184, 180505807, 28600173, 15669883, 61010640, 30836874, 15573174, 25878605, 342502708, 23504732, 193494089, 115682368, 7517222, 29307276, 17461978, 250831586, 18915240, 1059194370, 37738321, 55991693, 28420827, 16331010, 409644530, 18948541, 28035260, 142836170, 153470677, 19697415, 25027806, 15485441, 23083404, 428333, 167565569, 14854462, 213504427, 14117843, 19548850, 31346892, 25307052, 16827333, 813286, 20322929, 21278412, 34430522, 236377257, 115485051, 191769386, 26589987, 19549830, 22940219, 19542638, 18222599, 27195114, 19486963, 24719760, 138600717, 250628893, 38532460, 16492290, 17542901, 18220175, 26053643, 23746241, 248900032, 19846884, 25594518, 20518710, 31927467, 15328942, 42384760, 35936474, 44436088, 16447060, 18370690, 18626783, 326853086, 20567939, 18783665, 18185416, 15781432, 18653699, 21586418, 96829836, 480610263, 372151696, 11912362, 8318902, 58106546, 14149571, 36495774, 37060147, 59283983, 148824710, 18088038, 28474662, 27673684, 40892016, 16461545, 149726145]",57486964
